0 
1 
2 
3 
4 
5 
6 
7 
8 
9 
10 
11 
12 (7 12)
13 
14 (0 3 6 10 14)
15 
16 
17 
18 
19 
20 
21 
22 
23 
24 (24)
25 
26 
27 (21 23 27)
28 (28)
29 (29)
30 
31 
32 
33 
34 
35 
36 
37 
38 
39 (18 20 22 26 30 33 36 39)
40 
41 
42 (42)
43 
44 
45 
46 (8 13 15 19 46)
47 
48 
49 
50 
51 
52 
53 
54 (1 31 34 37 40 48 54)
55 (45 47 50 52 55)
56 
57 
58 
59 
60 
61 
62 (62)
63 (57 59 61 63)
64 (64)
65 (65)
66 
67 
68 
69 
70 
71 
72 
73 
74 
75 
76 
77 
78 (41 75 78)
79 (67 70 73 76 79)
80 
81 
82 
83 (81 83)
84 (2 4 9 11 17 25 32 35 38 43 49 51 53 58 60 66 69 72 80 82 84)
85 (5 16 44 56 68 71 74 77 85)
